99;99;01;01;01;01;01
99;99;01;00;00;00;01
99;99;01;00;00;00;01
99;99;01;00;00;00;01
99;99;01;01;00;01;01
99;99;99;01;00;01
99;99;99;01;00;01
99;99;99;01;00;01
99;99;99;01;00;01
99;99;99;01;00;01
99;99;99;01;00;01
99;99;99;01;00;01
99;99;99;01;00;01
99;99;99;01;00;01
99;99;99;01;00;01
99;99;99;01;00;01
99;99;99;01;00;01
99;99;01;01;00;01;01
99;01;01;00;00;00;01;01
01;01;00;00;00;00;00;01;01
01;00;00;00;00;00;00;00;01
01;00;00;00;00;00;00;00;01
01;00;00;00;00;00;00;00;01
01;01;00;00;00;00;00;01;01
99;01;01;00;00;00;01;01
99;99;01;01;00;01;01
99;99;99;01;01;01